10 22 14  8 15 11  2 13 19 18  9 20 25  4  6 17 21  3  1 24 16  5  7 12 23
 20  6 21 12 23 17 15  1 25 10 14  3 13  2  7  5  9 16 19  8 11 18 24  4 22
 13 17  4 19  3 16 14  7  9 21 24 12 23  5  8 11 22 20  2 18 10 25  6  1 15
 18  7 25  9  2 24 22 23  3  5  1 10 19 11 16 15 13 12  4  6 17  8 20 14 21
  1 11  5 24 16 12  6 20  8  4 17 22 15 21 18 10 23  7 14 25  9  2 19  3 13
  5  3 15 20  4 13 18  9 14  6 21  8  7 25 17  1 24  2 10 12 22 23 16 11 19
 24 23 16 11 10 22 21 19 15  2  3  5 18  1 14  8  4 25  6  7 20  9 12 13 17
  2 25 12 14  8  7  5 16 17 11 23 19 10 24 20 13 15 22  3  9 18 21  1  6  4
 22 18 19 13 17  1  4 10 20  3  2 15  9  6 12 16  5 23 11 21  7 14  8 24 25
  7 21  1  6  9 25 24  8 23 12  4 16 22 13 11 20 19 18 17 14 15  3  2 10  5
  9 15  7  2 19  5  8 21 16 14 25 24  6  3 13 18 11 17 23 10 12  4 22 20  1
  4 10 20 23 21  2 12 11 22  9 15 17  8 19  1 25 16 14  5  3 13 24 18  7  6
  6 24 22  5 12 18 23 25 10 20  7 11 16 14  2 21  8  4 13  1 19 17  9 15  3
 11 14 13 17  1 15  3  4  7 19  5 18 20 10 23 24  6  9 12 22  8 16 21 25  2
  8 16  3 18 25  6 17 24 13  1 22  4 12  9 21 19  2 15  7 20 23 10 11  5 14
 25 12  2 22 20 23  1 18 24 15  6 21 11 16 10  7 14  5  8  4  3 19 13 17  9
 15 13 18  4  7  9 19 14  5 16 20  1 17  8  3  2 25 10 24 11  6 22 23 21 12
 23  5  8  1  6 21  7 12 11 17 18 25 14 22  4  9  3 13 16 19 24 20 15  2 10
 17  9 10  3 14  4 13 22  6  8 19  2 24  7 15 12 18 21 20 23 25  1  5 16 11
 16 19 11 21 24 10 20  3  2 25 13 23  5 12  9 22  1  6 15 17  4  7 14  8 18
 19  2  9 16 18  3 11 17  1 23 10 14  4 20 24  6 12  8 21 13  5 15 25 22  7
 14 20 17  7 22 19 16  5 12 24 11 13 21 23 25  4 10  1  9 15  2  6  3 18  8
 21  1 23 15 13 20 10  6  4 22  8  9  2 18  5  3  7 11 25 16 14 12 17 19 24
 12  4 24 25 11  8  9  2 21  7 16  6  3 15 22 14 17 19 18  5  1 13 10 23 20
  3  8  6 10  5 14 25 15 18 13 12  7  1 17 19 23 20 24 22  2 21 11  4  9 16

real	115m6.047s
user	115m2.669s
sys	0m1.908s

